filling database... 
120 | 160 | 580 | 560 | 240 | 
new median = 80.13
######## APPROVE #######
120 | 160 | 580 | 560 | 240 | 0 | 0 | 0 | 0 | 0 | 
3 | 2 | 2 | 2 | 2 | 0 | 0 | 0 | 0 | 0 | 

new median = 2564.13
######### db fillup ########
incoming data added to database.
120 | 160 | 580 | 560 | 240 | 2564 | 0 | 0 | 0 | 0 | 
3 | 2 | 2 | 2 | 2 | 1 | 0 | 0 | 0 | 0 | 

new median = 2564.13
######## APPROVE #######
120 | 160 | 580 | 560 | 240 | 2564 | 0 | 0 | 0 | 0 | 
3 | 2 | 2 | 2 | 2 | 2 | 0 | 0 | 0 | 0 | 

new median = 427.36
######### db fillup ########
incoming data added to database.
120 | 160 | 580 | 560 | 240 | 2564 | 427 | 0 | 0 | 0 | 
3 | 2 | 2 | 2 | 2 | 2 | 1 | 0 | 0 | 0 | 

new median = 427.36
######## APPROVE #######
120 | 160 | 580 | 560 | 240 | 2564 | 427 | 0 | 0 | 0 | 
3 | 2 | 2 | 2 | 2 | 2 | 2 | 0 | 0 | 0 | 

new median = 84.35
######## APPROVE #######
120 | 160 | 580 | 560 | 240 | 2564 | 427 | 0 | 0 | 0 | 
4 | 2 | 2 | 2 | 2 | 2 | 2 | 0 | 0 | 0 | 

new median = 1098.91
######### db fillup ########
incoming data added to database.
120 | 160 | 580 | 560 | 240 | 2564 | 427 | 1098 | 0 | 0 | 
4 | 2 | 2 | 2 | 2 | 2 | 2 | 1 | 0 | 0 | 

new median = 1098.91
######## APPROVE #######
120 | 160 | 580 | 560 | 240 | 2564 | 427 | 1098 | 0 | 0 | 
4 | 2 | 2 | 2 | 2 | 2 | 2 | 2 | 0 | 0 | 

new median = 1098.91
######## APPROVE #######
120 | 160 | 580 | 560 | 240 | 2564 | 427 | 1098 | 0 | 0 | 
4 | 2 | 2 | 2 | 2 | 2 | 2 | 3 | 0 | 0 | 

new median = 1098.91
######## APPROVE #######
120 | 160 | 580 | 560 | 240 | 2564 | 427 | 1098 | 0 | 0 | 
4 | 2 | 2 | 2 | 2 | 2 | 2 | 4 | 0 | 0 | 

new median = 854.71
######### db fillup ########
incoming data added to database.
120 | 160 | 580 | 560 | 240 | 2564 | 427 | 1098 | 854 | 0 | 
4 | 2 | 2 | 2 | 2 | 2 | 2 | 4 | 1 | 0 | 

new median = 854.71
######## APPROVE #######
120 | 160 | 580 | 560 | 240 | 2564 | 427 | 1098 | 854 | 0 | 
4 | 2 | 2 | 2 | 2 | 2 | 2 | 4 | 2 | 0 | 

new median = 2136.78
######### db fillup ########
incoming data added to database.
120 | 160 | 580 | 560 | 240 | 2564 | 427 | 1098 | 854 | 2136 | 
4 | 2 | 2 | 2 | 2 | 2 | 2 | 4 | 2 | 1 | 

new median = 2136.78
######## APPROVE #######
120 | 160 | 580 | 560 | 240 | 2564 | 427 | 1098 | 854 | 2136 | 
4 | 2 | 2 | 2 | 2 | 2 | 2 | 4 | 2 | 2 | 

new median = 81.14
######## APPROVE #######
120 | 160 | 580 | 560 | 240 | 2564 | 427 | 1098 | 854 | 2136 | 
5 | 2 | 2 | 2 | 2 | 2 | 2 | 4 | 2 | 2 | 

new median = 801.29
######### db fillup ########
----------------end of database reached.----------------
120 | 160 | 580 | 560 | 240 | 2564 | 427 | 1098 | 854 | 2136 | 
5 | 1 | 2 | 2 | 2 | 2 | 2 | 4 | 2 | 2 | 

new median = 801.29
160 dropped, 801 added
sorting database...
120 | 240 | 427 | 560 | 580 | 801 | 854 | 1098 | 2136 | 2564 | 
5 | 2 | 2 | 2 | 2 | 1 | 2 | 4 | 2 | 2 | 
240 - 120 < 427 - 240, difference/wait = 12000
closest sound = 120
######## REJECT ########
120 | 240 | 427 | 560 | 580 | 801 | 854 | 1098 | 2136 | 2564 | 
5 | 2 | 2 | 2 | 2 | 1 | 2 | 4 | 2 | 2 | 

new median = 836.13
######## APPROVE #######
120 | 240 | 427 | 560 | 580 | 801 | 854 | 1098 | 2136 | 2564 | 
5 | 2 | 2 | 2 | 2 | 2 | 2 | 4 | 2 | 2 | 

new median = 146.24
######## APPROVE #######
120 | 240 | 427 | 560 | 580 | 801 | 854 | 1098 | 2136 | 2564 | 
6 | 2 | 2 | 2 | 2 | 2 | 2 | 4 | 2 | 2 | 

new median = 1373.64
120 | 240 | 427 | 560 | 580 | 801 | 854 | 1098 | 2136 | 2564 | 
6 | 1 | 2 | 2 | 2 | 2 | 2 | 4 | 2 | 2 | 

new median = 1373.64
240 dropped, 1373 added
sorting database...
120 | 427 | 560 | 580 | 801 | 854 | 1098 | 1373 | 2136 | 2564 | 
6 | 2 | 2 | 2 | 2 | 2 | 4 | 1 | 2 | 2 | 
427 - 120 > 560 - 427, difference/wait = 13300
closest sound = 560
######## REJECT ########
120 | 427 | 560 | 580 | 801 | 854 | 1098 | 1373 | 2136 | 2564 | 
6 | 2 | 2 | 2 | 2 | 2 | 4 | 1 | 2 | 2 | 

new median = 112.13
######## APPROVE #######
120 | 427 | 560 | 580 | 801 | 854 | 1098 | 1373 | 2136 | 2564 | 
7 | 2 | 2 | 2 | 2 | 2 | 4 | 1 | 2 | 2 | 

new median = 230.31
1373 dropped, 230 added
sorting database...
120 | 230 | 427 | 560 | 580 | 801 | 854 | 1098 | 2136 | 2564 | 
7 | 1 | 2 | 2 | 2 | 2 | 2 | 4 | 2 | 2 | 
1098 - 854 < 2136 - 1098, difference/wait = 24400
closest sound = 854
######## REJECT ########
120 | 230 | 427 | 560 | 580 | 801 | 854 | 1098 | 2136 | 2564 | 
7 | 1 | 2 | 2 | 2 | 2 | 2 | 4 | 2 | 2 | 

new median = 854.71
######## APPROVE #######
120 | 230 | 427 | 560 | 580 | 801 | 854 | 1098 | 2136 | 2564 | 
7 | 1 | 2 | 2 | 2 | 2 | 3 | 4 | 2 | 2 | 

new median = 854.71
######## APPROVE #######
120 | 230 | 427 | 560 | 580 | 801 | 854 | 1098 | 2136 | 2564 | 
7 | 1 | 2 | 2 | 2 | 2 | 4 | 4 | 2 | 2 | 

new median = 4273.56
230 dropped, 4273 added
sorting database...
120 | 427 | 560 | 580 | 801 | 854 | 1098 | 2136 | 2564 | 4273 | 
7 | 2 | 2 | 2 | 2 | 4 | 4 | 2 | 2 | 1 | 
427 - 120 > 560 - 427, difference/wait = 13300
closest sound = 560
######## REJECT ########
120 | 427 | 560 | 580 | 801 | 854 | 1098 | 2136 | 2564 | 4273 | 
7 | 2 | 2 | 2 | 2 | 4 | 4 | 2 | 2 | 1 | 

new median = 194.25
4273 dropped, 194 added
sorting database...
120 | 194 | 427 | 560 | 580 | 801 | 854 | 1098 | 2136 | 2564 | 
7 | 1 | 2 | 2 | 2 | 2 | 4 | 4 | 2 | 2 | 
entry at end, wait = 4294944560
closest sound = 2136
######## REJECT ########
120 | 194 | 427 | 560 | 580 | 801 | 854 | 1098 | 2136 | 2564 | 
7 | 1 | 2 | 2 | 2 | 2 | 4 | 4 | 2 | 2 | 

new median = 1831.52
194 dropped, 1831 added
sorting database...
120 | 427 | 560 | 580 | 801 | 854 | 1098 | 1831 | 2136 | 2564 | 
7 | 2 | 2 | 2 | 2 | 4 | 4 | 1 | 2 | 2 | 
427 - 120 > 560 - 427, difference/wait = 13300
closest sound = 560
######## REJECT ########
120 | 427 | 560 | 580 | 801 | 854 | 1098 | 1831 | 2136 | 2564 | 
7 | 2 | 2 | 2 | 2 | 4 | 4 | 1 | 2 | 2 | 

new median = 12820.67
1831 dropped, 12820 added
sorting database...
120 | 427 | 560 | 580 | 801 | 854 | 1098 | 2136 | 2564 | 12820 | 
7 | 2 | 2 | 2 | 2 | 4 | 4 | 2 | 2 | 1 | 
2136 - 1098 > 2564 - 2136, difference/wait = 4294944560
closest sound = 2564
######## REJECT ########
120 | 427 | 560 | 580 | 801 | 854 | 1098 | 2136 | 2564 | 12820 | 
7 | 2 | 2 | 2 | 2 | 4 | 4 | 2 | 2 | 1 | 

new median = 28.20
12820 dropped, 28 added
sorting database...
28 | 120 | 427 | 560 | 580 | 801 | 854 | 1098 | 2136 | 2564 | 
1 | 7 | 2 | 2 | 2 | 2 | 4 | 4 | 2 | 2 | 
entry at end, wait = 4294944560
closest sound = 2136
######## REJECT ########
