13:42 06.04.2018
some tests


16.87
16.78
16.78
784.94
784.94
784.94
784.94
784.94
784.94
784.94
784.94
7.28
4.73
4.73
4.73
4.98
4.98
4.98
4.98
4.98
4.98
4.98
836.13
836.13
836.13
836.13
836.13
836.13
28.85
28.85
28.85
28.85
6.91
6.91
34.59
34.59
34.59
34.59
34.59
34.59
6.13
6.32
6.32
6.32
6.32
7.21
17.06
17.06
17.06
17.06
17.06
17.06
17.06
7.16
7.16
7.16
7.16
34.93
699.31
699.31
48.44
48.44
48.44
48.44
48.44
48.44
48.44
12.44
12.44
12.44
6.28
6.28
6.28
49.37
8.33
7.13
17.06
17.06
17.06
16.64
16.64
16.64
16.64
16.70
16.70
16.70
23.80
49.95
50.08
9.26
8.89
8.89
8.89
9.02
9.02
9.02
8.34
8.34
8.34
8.32
8.32
8.38
13.08
565.62
122.49
122.49
122.49
122.49
16.73
12.41
12.41
12.41
10.73
7.12
5.01
5.01
5.01
50.08
50.08
49.95
8.29
5.91
8.35
8.35
8.35
8.35
5.54
5.55
5.55
5.55
16.70
16.70
16.69
16.69
26.71
10.75
10.75
10.75
6.23
6.23
6.23
6.25
8.33
8.33
16.85
4.55
4.55
4.55
41.18
91.14
986.21
8.31
8.31
8.31
5.55
8.36
16.77
16.77
16.77
16.77
16.77
16.77
16.77
986.21
2747.29
2958.62
3205.17
16.58
16.58
16.58
16.58
16.58
4.99
4.99
16.63
16.63
8.55
8.55
4.98
874.14
1131.24
29.14
8.29
8.29
8.29
8.29
5.57
5.57
5.57
8.28
8.28
8.28
8.28
8.28
46.23
50.02
109.89
117.98
117.98
7.15
7.15
7.15
7.15
7.15
6.82
8.26
8.26
8.26
8.26
5.59
21.33
1326.28
1240.71
47.08
47.08
7.12
8.33
5.00
5.00
5.00
5.00
5.00
5.00
16.46
16.46
38.93
663.14
663.14
1538.48
1538.48
1538.48
1538.48
16.80
4.54
4.54
8.23
8.23
8.23
8.23
8.23
8.23
493.10
1479.31
1602.58
1602.58
1602.58
1602.58
1602.58
1602.58
1602.58
1602.58
16.58
16.58
16.58
16.58
16.58
1602.58
94.27
1479.31
1831.52
16.46
16.46
16.46
20.23
20.23
20.23
20.23
20.23
17.14
17.14
3.82
3.82
25.02
1748.27
17.14
15.74
15.74
15.74
15.74
15.74
15.74
15.74
17.41
4.49
4.49
6.29
8.46
27.83
1672.26
1831.52
2024.32
10.75
7.05
7.05
7.05
7.05
37.63
37.63
37.63
37.63
5.58
5.58
5.58
2024.32
48.93
2024.32
2136.78
2136.78
2136.78
2136.78
2136.78
2136.78
2136.78
2136.78
2136.78
16.84
5.54
5.54
40.79
1923.10
1923.10
2262.47
16.57
16.57
16.57
16.57
16.57
7.17
7.17
7.17
7.17
7.17
7.17
7.17
110.21
2024.32
40.23
40.23
40.23
40.23
5.67
5.67
12.14
8.38
8.38
48.56
48.56
48.56
48.56
2262.47
2262.47
2262.47
2403.87
2403.87
2403.87
2403.87
2403.87
6.27
6.27
16.84
16.84
16.84
16.84
16.84
16.84
16.84
53.72
2564.13
2564.13
2564.13
2564.13
2564.13
2564.13
4.29
11.90
11.90
4.82
10.26
10.26
10.26
10.26
10.26
10.26
10.26
10.26
10.26
10.26
7.07
7.07
7.07
7.07
7.07
16.50
16.50
16.50
22.73
22.73
22.73
22.73
23.34
23.34
23.34
39.25
39.25
39.25
39.25
39.25
39.25
39.25
39.25
10.61
10.61
22.34
27.57
11.87
11.87
11.87
11.87
11.87
11.87
11.87
11.87
11.87
11.87
11.87
12.33
12.33
12.33
26.45
8.19
9.95
9.95
9.95
9.95
9.95
43.81
43.81
8.37
8.37
8.37
8.37
8.37
8.37
8.37
16.68
11.37
11.37
11.37
11.37
11.37
11.37
11.37
11.37
11.37
11.37
11.37
11.37
11.37
47.66
565.62
565.62
565.62
565.62
565.62
565.62
565.62
23.38
23.38
23.38
23.38
23.38
23.38
23.38
23.38
23.38
30.55
37.02
37.02
37.02
37.02
37.02
37.02
37.02
37.02
37.02
37.02
37.02
37.02
37.02
37.02
37.02
37.02
37.02
37.02
37.02
37.02
37.02
37.02
37.02
37.02
37.02
37.02
37.02
4.57
8.49
100.69
100.69
101.22
630.52
630.52
630.52
630.52
630.52
630.52
630.52
630.52
630.52
11.55
11.55
11.55
2747.29
10.11
21.11
12.00
12.00
12.00
12.00
23.23
23.23
23.23
23.23
23.23
23.23
7.26
7.26
45.90
24.81
29.72
53.94
53.94
53.94
53.94
53.94
53.94
53.94
53.94
53.94
53.94
53.94
53.94
53.94
38.77
1240.71
46.17
46.17
46.17
10.02
5.56
5.56
5.56
10.06
10.06
10.06
10.06
10.06
10.06
1240.71
16.92
36.15
86.82
86.82
86.82
86.82
4.05
4.05
5.56
5.56
55.82
56.98
34.22
34.22
34.22
87.81
82.18
24.62
30.82
30.82
30.82
30.82
5.56
5.56
5.56
5.87
5.87
5.87
5.87
5.87
32.16
123.67
83.61
712.26
712.26
712.26
33.47
16.25
16.25
16.25
9.97
9.97
16.60
16.60
16.60
16.60
16.60
49.95
198.26
198.26
198.26
198.26
198.26
198.26
198.26
198.26
198.26
198.26
198.26
198.26
198.26
26.56
188.54
24.61
24.61
24.61
24.61
24.61
24.61
24.61
3.85
3.85
24.94
24.94
17.53
17.53
32.38
60.10
60.10
60.10
915.76
915.76
53.20
53.20
53.20
53.20
54.48
54.48
54.48
61.74
76.62
76.62
76.62
25.09
30.77
1039.51
1039.51
1039.51
1039.51
24.80
24.80
24.80
24.80
24.80
24.80
24.80
24.80
24.80
24.80
986.21
25.34
25.34
25.34
25.34
23.11
23.11
11.20
11.20
11.20
11.20
11.20
9.86
9.86
1068.39
24.99
1039.51
11.30
25.04
25.04
25.04
25.04
25.04
25.04
25.04
25.04
25.04
25.04
25.04
25.04
25.04
31.14
31.12
28.72
12.92
3.83
3.83
4.54
4.54
5.79
5.79
5.79
5.79
6.98
6.98
6.98
92.46
128.64
128.64
128.64
128.64
128.64
3.15
3.15
3.15
3.15
3.15
3.15
12.36
12.36
12.36
12.36
12.36
12.36
12.36
12.36
12.36
12.36
3.26
3.26
3.26
3.26
3.26
3.26
3.26
13.10
7.02
7.02
7.02
7.02
7.02
24.75
24.66
24.66
24.66
24.66
24.66
3.77
3.77
4.71
4.71
4.71
4.71
4.71
4.71
4.71
4.71
4.24
4.24
4.24
3.13
3.13
3.13
3.13
5.02
5.02
5.02
5.02
5.02
5.56
5.56
5.56
5.56
6.24
6.24
6.24
6.24
8.47
8.47
8.47
4.60
4.60
12.36
12.36
12.36
16.11
17.22
17.22
17.22
17.22
17.22
17.22
17.22
17.22
17.22
17.22
17.22
17.22
27.30
10.93
16.69
19.01
19.01
19.01
19.01
19.01
19.01
19.01
19.01
19.01
19.01
19.01
19.01
19.01
19.01
8.36
8.36
8.36
8.36
8.36
8.36
8.36
8.36
8.36
8.36
8.36
8.36
4.74
4.74
4.74
4.74
11.14
7.09
10.84
10.84
10.84
10.84
10.84
10.84
12.48
12.48
12.48
10.03
10.03
12.42
25.17
24.51
26.62
26.62
26.62
26.62
26.62
26.62
26.62
26.62
26.62
26.62
4.02
4.02
4.02
4.02
25.66
22.19
24.39
24.39
24.39
4.30
4.30
4.30
4.30
4.30
3.54
3.54
3.54
3.54
3.54
22.45
22.45
23.31
23.31
23.31
23.31
23.31
23.31
23.31
23.31
23.31
23.31
23.31
23.31
23.31
23.31
1165.52
14.14
32.43
32.43
12.46
12.46
12.46
12.46
12.46
12.46
12.46
12.46
12.46
12.46
12.46
12.46
12.46
12.46
12.46
3.92
3.92
3.92
3.92
3.92
3.92
3.92
3.92
5.53
4.09
4.09
4.09
61.05
17.36
17.36
17.06
17.06
17.06
17.06
17.06
17.06
17.06
17.06
17.06
17.06
6.23
3.85
39.65
769.24
769.24
784.94
784.94
784.94
784.94
784.94
784.94
784.94
784.94
784.94
784.94
784.94
784.94
38.16
38.16
534.19
769.24
769.24
769.24
769.24
769.24
769.24
769.24
769.24
769.24
769.24
769.24
769.24
769.24
6.69
24.67
24.99
25.94
25.94
25.94
25.94
25.94
25.94
25.94
25.94
25.94
25.94
25.94
25.94
7.24
1748.27
1923.10
34.13
34.13
7.15
7.15
3.56
3.56
3.56
3.56
3.56
3.56
3.55
3.55
3.55
3.55
1923.10
480.77
2136.78
2136.78
2136.78
16.20
6.00
4.69
4.69
4.69
31.47
31.47
31.47
31.47
2024.32
2024.32
2024.32
2024.32
2024.32
2024.32
2024.32
52.12
25.64
25.64
25.64
25.64
12.74
12.74
12.74
12.74
24.42
91.79
16.37
49.89
49.89
49.89
49.89
49.89
49.89
49.89
3.76
3.76
35.81
35.81
35.81
3.58
18.14
29.47
81.66
34.62
29.61
29.61
29.61
29.61
35.22
4.60
4.60
4.60
4.60
4.85
4.85
24.16
24.16
37.31
2403.87
2403.87
2403.87
2403.87
2403.87
2403.87
2403.87
2403.87
2403.87
11.40
11.40
35.51
8.03
8.03
8.03
8.03
8.03
7.79
6.25
6.25
6.17
15.95
4.56
4.56
4.56
4.56
3.99
3.99
3.99
3.99
3.99
3.99
3.99
25.78
14.95
14.95
14.95
14.95
14.95
14.95
14.95
14.95
14.95
14.95
14.95
14.95
14.95
14.95
4.53
4.53
4.53
4.53
12.60
12.60
7.13
7.13
7.13
8.36
12.46
12.61
4.98
12.48
12.48
12.48
12.48
12.48
12.48
12.48
12.48
12.48
12.48
12.48
12.48
12.48
3.57
3.57
3.57
3.57
12.46
12.46
12.46
12.46
4.30
4.30
4.30
14.22
16.22
16.22
16.22
16.22
16.22
16.22
16.22
16.22
16.22
16.22
4.17
4.17
4.17
4.17
4.17
4.17
4.17
4.17
4.17
4.17
4.17
4.17
4.17
5.18
3.52
3.52
3.54
3.54
3.54
3.54
3.54
3.54
3.54
3.54
3.54
3.54
4.94
4.94
4.94
4.94
4.94
4.94
4.94
7.23
7.23
7.23
7.23
7.23
7.23
16.71
7.80
3.84
3.84
3.84
3.84
3.84
3.84
3.84
3.84
3.84
3.84
7.27
32.27
32.27
4.99
4.99
4.99
4.99
4.99
4.99
4.99
4.99
4.99
4.99
4.99
4.99
4.99
4.99
4.99
4.99
4.99
4.99
4.99
4.99
4.99
16.12
16.12
16.12
16.12
16.12
16.12
16.12
15.95
15.95
15.95
15.95
15.95
15.95
15.95
15.95
15.95
15.95
15.95
4.16
4.16
4.16
4.16
33.27
33.27
32.43
8.59
8.59
8.59
4.14
12.68
12.68
12.68
12.68
12.68
16.22
26.86
31.47
31.47
31.47
31.47
31.47
31.47
31.47
31.47
31.47
31.47
31.47
4.51
4.51
24.78
24.78
35.35
35.35
35.35
35.35
35.35
35.35
35.35
3.82
7.17
7.17
7.17
25.62
16.32
16.32
16.32
16.32
16.32
16.32
4.98
4.98
4.98
4.98
15.28
15.28
15.28
15.28
15.28
15.28
15.28
15.28
15.28
15.28
15.28
15.28
32.19
32.19
32.19
32.19
6.31
6.31
6.31
6.31
6.31
6.31
6.31
6.31
6.31
16.62
16.62
16.62
16.62
16.62
16.62
16.62
16.62
16.62
16.62
16.62
16.62
33.07
33.07
33.07
33.07
33.07
33.07
33.07
33.07
12.66
16.43
16.43
16.43
16.43
16.43
8.35
9.39
9.39
9.39
9.39
9.39
9.39
9.39
9.39
16.37
16.37
26.11
26.11
26.11
26.11
26.11
26.11
15.97
15.97
8.32
8.32
3.57
3.57
3.57
3.86
3.86
3.86
3.56
3.56
12.61
12.61
24.98
9.81
9.81
9.81
9.81
9.81
9.81
9.81
9.81
9.81
8.27
8.27
8.27
8.27
25.02
38.19
85.47
600.97
600.97
5.58
5.58
25.09
16.44
26.86
3.45
3.45
3.45
6.25
6.25
6.25
17.82
17.82
139.86
139.86
139.86
139.86
139.86
139.86
139.86
139.86
139.86
139.86
139.86
139.86
139.86
36.46
89.45
95.44
95.44
95.44
95.44
95.44
95.44
95.44
95.44
95.44
95.44
95.44
95.44
3.12
3.12
8.62
8.62
10.66
10.66
10.66
754.16
754.16
754.16
754.16
754.16
754.16
754.16
754.16
754.16
5.00
5.00
11.45
938.10
12.76
12.76
12.76
12.76
12.76
12.76
12.76
12.76
12.76
12.76
12.76
12.76
12.76
34.37
122.10
1538.48
1538.48
1538.48
1538.48
1538.48
1538.48
1538.48
1538.48
1538.48
5.01
3.83
3.83
3.83
110.21
134.01
74.97
1282.07
1282.07
4.14
4.14
4.14
4.14
4.14
4.14
4.14
4.14
4.14
4.14
4.14
17.76
3846.20
39.09
39.09
39.09
39.09
39.09
39.09
39.09
39.09
39.09
39.09
39.09
39.09
39.09
39.09
39.09
28.43
39.33
39.33
39.33
39.33
39.33
5.26
16.97
3.79
6.92
6.92
7.21
7.21
7.21
30.12
30.12
26.42
26.42
26.42
26.42
26.42
3.82
3.82
3.82
3.82
3.82
3.82
3.82
3.82
10.02
10.02
13.24
13.24
25.14
4.97
4.97
4.97
4.97
4.97
4.97
6.27
6.27
6.27
6.27
24.99
24.99
24.99
5.52
5.52
5.52
5.52
16.61
16.61
16.61
16.61
16.61
16.61
16.61
16.61
25.20
25.20
30.75
25.16
4.57
4.57
4.57
4.57
4.57
4.57
4.57
4.57
4.57
4.57
4.57
17.08
3.10
3.10
3.10
641.03
641.03
641.03
641.03
4.58
4.58
4.70
4.81
3.69
3.69
3.69
3.69
3.69
2024.32
2024.32
2024.32
2136.78
2136.78
2136.78
2136.78
2136.78
2136.78
2136.78
2136.78
2136.78
2136.78
2136.78
10.11
10.11
2262.47
2262.47
2262.47
2262.47
2262.47
2262.47
2262.47
2262.47
2262.47
8.44
8.44
3.55
3.57
3.57
3.57
3.57
2262.47
2262.47
2564.13
2564.13
2564.13
2564.13
3.85
3.85
4.55
4.55
4.55
4.55
4.55
25.25
25.25
2262.47
2403.87
2403.87
2403.87
2403.87
2403.87
2403.87
4.54
4.54
7.06
4.54
3.55
3.55
3.55
3.55
3.55
25.01
25.04
25.04
25.04
25.04
25.04
25.04
25.04
31.92
31.92
7.14
7.14
7.14
7.14
7.14
7.14
16.69
11.81
11.81
5.54
5.61
12.61
24.61
24.61
24.61
24.61
24.61
24.61
24.61
24.61
24.61
25.04
50.08
818.34
818.34
818.34
818.34
818.34
818.34
818.34
818.34
818.34
818.34
818.34
818.34
9.98
80.13
66.77
57.24
57.24
57.24
57.24
57.24
57.24
57.24
7.15
7.15
7.15
7.15
3.84
3.84
71.09
124.07
499.51
124.07
124.07
124.07
4.33
4.33
4.33
4.33
4.55
24.96
8.31
8.31
8.31
8.31
50.08
58.72
58.81
58.81
58.81
58.81
6.67
4.16
10.04
3.11
14.48
14.48
14.48
14.48
14.48
46.79
53.94
63.68
712.26
712.26
712.26
4.96
4.96
4.96
4.96
4.96
4.96
4.96
4.96
4.96
4.96
25.04
16.46
27.95
26.45
26.45
26.45
26.45
26.45
26.45
6.70
6.70
6.70
3.87
3.87
3.87
47.66
47.66
56.56
34.07
5.81
5.81
5.81
5.81
5.81
5.81
5.53
16.18
3.87
5.55
5.95
5.95
50.02
52.62
50.02
50.02
50.02
50.02
50.02
50.02
50.02
50.02
50.02
6.95
6.95
9.95
5.83
52.40
1131.24
1098.91
44.01
44.01
44.01
44.01
5.43
5.43
13.95
13.95
5.08
5.83
5.83
5.83
5.83
50.02
1201.94
1240.71
1282.07
1282.07
1282.07
6.16
6.16
6.16
6.16
6.16
6.16
6.16
6.16
4.98
59.17
1282.07
1326.28
1282.07
1282.07
1282.07
14.67
14.67
14.67
25.20
4.14
4.14
4.14
4.14
4.14
4.14
8.31
48.44
50.15
50.21
50.21
50.21
50.21
50.21
50.21
50.21
50.21
50.21
50.21
50.21
50.21
53.87
55.90
55.90
31.40
31.40
4.86
4.86
4.86
4.86
4.86
31.81
31.81
31.81
31.81
31.81
31.81
79.47
1672.26
1672.26
1748.27
1748.27
1748.27
9.90
4.98
4.98
7.74
10.05
10.05
10.05
10.05
4.35
47.19
1748.27
1748.27
54.79
54.79
54.79
54.79
54.79
3.56
3.56
3.56
3.56
3.56
3.56
3.56
3.56
56.56
1831.52
1923.10
1923.10
1923.10
1923.10
1923.10
1923.10
1923.10
1923.10
1923.10
1923.10
1923.10
1923.10
1923.10
1923.10
1923.10
1923.10
2024.32
2024.32
2024.32
2024.32
7.09
7.09
7.09
7.09
7.09
7.09
4.96
4.96
4.96
2024.32
2136.78
41.58
41.58
41.58
41.58
41.58
41.58
41.58
41.58
41.58
41.58
41.58
41.58
6.20
2024.32
2136.78
2136.78
2136.78
2136.78
2136.78
2136.78
2136.78
2136.78
5.83
5.83
5.83
5.83
5.83
5.83
5.83
2262.47
2262.47
2262.47
2403.87
2403.87
2403.87
2403.87
9.83
9.83
9.83
9.83
10.86
32.29
3.83
3.83
2403.87
2403.87
2403.87
2403.87
2403.87
2403.87
10.08
7.52
7.52
7.52
7.52
7.52
7.52
7.52
7.52
7.52
49.89
49.89
49.89
49.89
49.89
49.89
49.89
15.63
15.63
16.54
16.54
3.27
3.27
9.47
9.47
14.58
16.70
50.02
50.15
50.15
50.15
50.15
50.15
50.15
50.15
50.15
50.15
50.15
50.15
50.15
50.15
651.90
16.30
25.02
25.02
25.02
25.02
25.02
25.02
10.11
10.11
10.26
10.26
10.26
9.84
14.88
7.96
26.69
17.40
80.46
80.46
80.46
9.45
10.00
4.77
7.32
4.89
10.20
15.93
15.93
15.93
15.93
99.64
71.49
506.08
506.08
506.08
506.08
506.08
506.08
506.08
506.08
506.08
506.08
506.08
506.08
506.08
506.08
610.51
610.51
610.51
7.64
7.64
7.64
7.64
7.64
3.32
3.32
3.32
3.32
3.32
10.37
10.37
70.19
109.58
77.86
77.86
77.86
10.04
10.04
10.04
10.04
10.04
9.91
10.04
5.00
10.08
4.97
49.95
50.02
50.08
854.71
14.18
14.50
14.50
14.50
31.87
31.87
31.87
3.34
3.34
3.34
5.03
4.34
64.53
64.53
50.34
50.34
50.34
50.34
9.87
9.87
9.87
9.87
6.21
6.21
6.21
9.93
5.01
47.60
50.02
50.02
52.47
52.47
5.00
5.00
5.00
4.92
29.45
29.45
5.00
5.00
5.00
9.86
3.51
91.79
84.53
84.53
1098.91
1098.91
1098.91
1098.91
1098.91
1098.91
1098.91
1098.91
6.04
6.04
6.04
7.33
48.02
1240.71
52.26
1201.94
1201.94
1201.94
1201.94
1201.94
1201.94
1201.94
1201.94
1201.94
1201.94
1201.94
1201.94
1201.94
1326.28
1326.28
1201.94
39.01
39.01
39.01
39.01
39.01
39.01
39.01
39.01
39.01
39.01
39.01
39.01
39.01
39.01
32.62
32.62
32.62
32.62
32.62
32.62
32.62
7.22
9.97
9.97
9.97
9.97
9.97
9.97
754.16
754.16
769.24
10.14
10.14
10.14
10.14
31.55
31.55
31.55
31.55
31.55
31.55
31.55
4.17
34.84
231.70
160.93
133.55
133.55
133.55
4.14
4.14
4.14
4.14
4.14
4.14
4.14
4.14
4.14
3.57
1672.26
1672.26
1748.27
1831.52
1831.52
1831.52
1831.52
1831.52
12.42
24.39
24.39
24.39
24.39
24.39
5.00
5.00
5.00
5.00
5.00
8.31
12.46
12.46
12.46
12.46
12.46
12.46
12.46
12.46
12.46
12.46
12.46
12.46
12.46
12.46
12.46
12.46
12.46
12.46
12.46
12.46
12.46